configuracion inicial:
[0.28942328691482544, -1.535173923974373, -0.9331789016723633, -2.233608385125631, 1.5858209133148193, 1.2375750541687012]
configuracion sobre primera carta:
[-0.5412643591510218, -2.1325680218138636, -0.4804496467113495, -2.1262718639769496, 1.5534838438034058, 0.39564502239227295]
segunda:
[-0.23798686662782842, -2.1974054775633753, -0.5155571699142456, -1.978826185266012, 1.5638964176177979, 0.7119466066360474]
tercera:
[0.2328263819217682, -2.180206914941305, -0.42928189039230347, -2.1217647991576136, 1.6015007495880127, 1.05226731300354]
cuarta:
[-0.30670434633363897, -1.1756516856006165, -1.7254045009613037, -1.828139444390768, 1.5256431102752686, 0.5940478444099426]
quinta:
[0.16181965172290802, -1.351634145980217, -1.65274977684021, -1.6767550907530726, 1.5853374004364014, 1.0402230024337769]
sexta:
[0.3006126880645752, -1.880852838555807, -1.1093744039535522, -1.7167521915831507, 1.5781400203704834, 1.2133283615112305]
